,순위,팀명,평균 ERA,평균피안타,평균삼진,평균출루허용
0,1.0,SSG,6.496428571428572,30.7143,26.4286,1.6546428571428573
1,2.0,LG,4.2172,33.88,28.52,1.4376000000000002
2,3.0,키움,5.922499999999999,36.3333,31.7083,1.7016666666666669
3,4.0,KT,4.319545454545454,40.2727,35.2273,1.496818181818182
4,5.0,KIA,4.664166666666667,37.0417,30.7917,1.5879166666666669
5,6.0,롯데,10.284642857142856,35.8214,31.0,2.419642857142857
6,7.0,두산,4.899130434782609,39.4348,30.3478,1.5291304347826087
7,8.0,NC,5.51625,36.1667,34.6667,1.6191666666666666
8,9.0,삼성,4.83,38.3846,27.2692,1.5830769230769226
9,10.0,한화,4.8323333333333345,31.9667,22.7,1.627
